3675356291270936062618792023759228973612931947845036106320615547656937452547443078688431492068926649
5048717272261061594909177115977673656394812939088509638561159848103044447631759621785741859753883189
6433386048889776430309254059469224775481289368021051108506462586284724062990813110340391969338056640
0462675698728299602761321599149107587048042961042220552902838040919625449936050294351743146942264128
8928886838333804768906879033373265265879604104870862479392830178915492574994593570819978253490201962
1207311905677406474858260664628960701013772645202909945103788604676097597853383793787419098858437138
0979932437122021751741711170408516621964808102297564637974917060853941541554983852227034636334439725
8902476571333851087635080411359341508356599076376150650812269104274032803700349274252443860892231834
2245175716981333798670484816852199606499089314896773712215090401374113032175654221724165785927364797
2216302156500346602589506083782105855073823077769119089880370692177976271588456568488387524505732721
3494195741221620229743561403127798107601025197131206874924459128960640945466399521309913458573389553
8603361870511030045424999498163933461561722928124786377237253768136403585099802490120063908387310050
3180179103594846929030337949919420659561143727339244499383295439495573907272905041793621253918870527
9196368466727410064437347217956895521599162105321976820643369048512973809231874163855012648562526913
3152694460743790022690355871706041302960935436431910945625917741191387493138793884008682385059268528
3678726629703723517894164354873350145707899394645556062699296553867360269308765240068549468323622470
4965464251613771210890134858220636105742003390433424538113158133975449672101377639104118643477074530
7299302799520835965630207473016757889078031036732215338285808693374371396420295746491231813892451001
3300022247985478600643758109302643867081981648501597062895027281779798898052024373001580004753142013
0048220245840842542757522866009126948282786770945422396574394406022843111900025769198765114857669143
6769760907668776653769726407540128015207164953511007081641498622523273901506979289989363604496641980
4905501602884983449175762425505297768120328746380497975137809521327332386160919150949682465347471404
8334615546696756430025385056673408081535114011857851609124901443251326069680867544605539150496743096
6045828685340177808978397250248062656634171308290108167882138935412277914047876808614525938843505934
6253200098096721448498441968093638950171982675939979735041941436422761851130644753827353748001645831
2295546312065194468108129886820249815646863574240272016194996942023689286735359597990521020636948408
4482427799398408059091828768489837071963014866661782965943782887604912224602398686972688988168048442
9645547057643537328308669719371235702607371847689639697560527663243604363749429382454322474161687049
6951602222736100723107480187347134424649842572744056004032086992354810724992366774696099517308543946
2386270767431247558077377932078207146112887101079076933649846997801435943855283182705261178867749002

